9635
9677
9844
3482
7154
427
2025
7540
7378
2665
6100
2390
9502
8668
1401
4981
4967
135
6751
9179
7205
7887
4289
3330
3996
2427
8435
7548
9210
5739
5263
7357
2332
2849
8956
9109
3872
9472
624
4750
2229
3440
2492
3774
6687
922
534
5849
7127
5382
4628
3015
1279
3871
4468
5693
5475
4592
7177
7723
3339
3358
4687
1489
1437
1313
9551
5983
7663
9695
6574
4103
5946
759
8321
9697
7450
5751
411
1035
2530
3003
7174
4571
1516
9619
3072
7699
462
3055
1597
6319
1752
73
122
9773
6154
9631
8178
554
4483
5484
937
2597
8564
6386
421
7219
1523
6039
1901
9982
7403
7465
618
3034
1568
238
3866
3350
224
1948
5923
9995
8277
802
1908
7636
6599
5921
7079
2778
4847
395
8243
2347
9031
3174
7215
4023
7069
1917
1696
1222
7765
2004
3091
5129
1310
9685
7670
8940
1021
6380
9232
820
4277
1371
4593
5435
7049
3883
4244
8933
9064
3872
8386
7245
5527
1703
5248
6210
2204
8894
1656
7080
6854
2497
9301
2364
2602
6381
5063
215
6649
6850
7047
6382
941
7834
3749
6964
5826
4848
6269
8685
609
4926
1943
9808
9079
9752
3198
9639
5525
4687
5032
9622
9409
2259
8116
5334
3977
3992
2499
8077
6695
2003
3196
4108
800
4449
1651
9189
1207
8148
4228
390
1359
4475
8889
2870
2173
2781
8796
3819
8412
1170
4358
1446
7226
2430
4885
5276
4447
8955
1756
1793
829
6818
8212
9299
4515
4997
944
7712
3964
4204
2495
8757
4837
986
1547
5381
3100
2651
9566
5698
2820
4092
2564
7707
8868
6119
6667
1729
7311
1530
6455
1687
7038
5491
1506
1959
3242
3706
9744
5355
6870
4171
433
5326
7800
8430
5520
7376
1784
8293
9320
5055
3553
6145
4951
2041
3349
7057
5850
8267
8366
3465
8263
7588
7662
6235
9274
8971
2615
4916
3911
1881
7191
6901
8798
4021
1596
5788
4877
2699
533
3679
7391
1688
488
2261
7090
5620
7024
8497
7623
6348
8831
8252
3810
2970
321
637
5360
3444
6913
4119
7113
8590
1556
5039
91
5869
5507
6969
1654
218
4247
7742
2806
5950
7165
1916
1691
2800
5401
9322
3124
8872
6198
1766
4938
4047
3803
4125
7593
3861
3882
3271
6169
1487
5698
3964
2667
8923
6228
1335
3262
7937
274
9829
6738
7448
6627
138
3284
8017
2756
5809
2679
4692
5209
5373
9668
1846
1808
2752
6392
4052
8806
7479
7020
9182
5619
2705
5026
739
257
8427
6923
324
8538
7929
6933
3560
1743
8098
930
2108
3829
8841
1188
5524
9705
2243
964
7347
5044
1082
609
6611
1130
8669
4086
6673
2701
9329
3989
4424
2430
6809
1999
3128
371
669
7029
5043
68
1594
6041
2580
7920
2182
5485
1932
7069
2366
2685
4202
6716
1934
1049
6198
3018
9676
6602
5739
3058
193
342
3599
4544
7109
7599
9392
9634
2086
7717
9708
7783
7220
4572
6829
601
4445
7256
9135
6
1840
9701
863
6490
3456
2163
4530
4121
7207
1182
7440
5304
6500
9195
2683
1179
1074
9839
4975
8633
3815
6442
2360
9931
5622
7984
379
1348
6577
4520
818
7403
4382
8702
5703
4899
885
483
9707
1803
643
3924
9604
3377
3646
7800
2449
2786
3878
4370
6092
7405
8164
9895
7275
7029
546
3977
770
8789
8582
3138
2888
6862
8060
9661
7076
939
5632
5005
6421
9590
9701
4289
5339
4387
708
911
2789
6922
5140
2222
9048
4146
4146
6800
1400
7977
1325
7883
8102
4704
7169
8649
6054
3731
1535
4341
2732
2806
4469
7702
5907
1883
2527
4057
8425
7745
1769
8086
747
8502
6847
1845
4840
8060
9796
6329
1172
2986
6699
9242
1484
7401
2630
9073
6592
6287
8232
3564
8626
6297
6985
5297
2186
7728
3478
6031
7027
9182
3746
2160
1990
7387
8237
6235
5825
656
8398
9383
9107
4572
2880
2681
4710
9252
1239
9934
8634
8341
6382
3412
6266
8230
8543
1986
9933
7321
4158
2553
9692
2672
642
9666
8619
4044
8384
9910
6421
3920
6405
5629
6584
7748
7552
3982
1498
1846
411
7413
4647
8954
4276
9250
1224
7538
1516
2478
9586
4857
3195
8217
9672
4394
9709
8783
5821
7950
3053
137
1306
1665
2557
6111
3832
982
1759
443
1835
8945
435
8312
4732
386
7742
2330
2881
434
9443
7864
298
1301
4688
9700
5179
4479
1336
171
1217
5956
2088
3303
1283
3976
2345
3377
695
8933
433
6436
5053
8826
6149
9102
5868
5984
6495
4208
55
4184
152
5460
6620
9024
2691
9789
3497
1061
3542
8986
8459
7859
6341
5669
3940
3879
7325
8120
9880
3509
7161
559
4149
5365
8837
6232
4572
9833
6349
3751
3968
3082
7344
8646
5722
7183
9895
1226
3606
79
204
1537
5406
1118
8920
6551
7393
4548
1533
7927
5584
7387
2189
9726
9397
9447
8053
1068
7744
9168
3818
4660
5455
3146
8558
6211
3753
9094
4927
2045
903
8337
6717
3122
2911
4538
1381
2112
7055
9537
7342
9714
2019
3147
6415
5814
3347
7234
7340
7853
3147
5849
3195
3819
5864
6190
4055
8990
9228
8456
3985
1675
5967
5151
7373
2404
3586
4746
6944
5365
6304
2612
5716
7102
836
5000
4165
7483
1457
2412
4443
7231
9970
8586
5765
5568
9375
1672
4094
4123
824
6633
6479
5704
9889
6173
3953
8712
362
1635
5949
2187
3962
7087
6721
3230
1976
6007
8177
769
3989
9879
2600
5511
4553
3524
7962
2214
1832
8990
3480
7551
5041
670
4078
3287
6355
8639
7916
9540
1261
2953
4687
1651
5536
4632
7276
8518
18
9771
792
2283
4610
9768
8215
4071
7827
61
9919
4243
56
1074
6264
6828
3802
7771
6594
2414
6761
